# Created by Octave 5.2.0, Mon May 04 20:15:45 2020 GMT <unknown@Surface-Home>
# name: U
# type: matrix
# rows: 545
# columns: 1
 0
 0
 0
 0
 -0.99999595784365614
 0
 -0.99697830122468512
 -0.996978301224685
 0
 -0.996978301224685
 0
 -0.996978301224685
 0
 -0.94628862351178233
 -0.99857790367275046
 -0.94628862351178233
 0
 -0.87475698810993752
 -0.87475698810993752
 0
 -0.99992603133872116
 -0.99992603133872116
 -0.94628862351178233
 -0.99857790367275046
 -0.94628862351178233
 0
 -0.87475698810993752
 0
 -0.99992603133872116
 -0.94628862351178233
 -0.99857790367275046
 -0.94628862351178233
 0
 -0.87475698810993763
 0
 -0.99992603133872116
 -0.94628862351178222
 -0.99857790367275046
 -0.94628862351178245
 0
 0
 -0.9911656685059278
 -0.9911656685059278
 -0.94634720715224019
 -0.71115981626581515
 -0.71115981626581515
 -0.99855529755277062
 -0.99095908235142494
 -0.99095908235142494
 -0.99855529755277062
 -0.71060618733204939
 -0.94420948395885429
 -0.695150749914628
 0
 -0.44011281367245347
 0
 -0.98015694548228494
 -0.94420948395885418
 -0.71060618733204939
 -0.69515074991462789
 -0.44011281367245336
 0
 -0.98015694548228505
 0
 -0.99976894661691762
 -0.99976894661691762
 -0.99996255550691637
 -0.99998808615939494
 -0.99998808615939494
 -0.99953117808329417
 -0.99953117808329417
 -0.9911656685059278
 -0.9911656685059278
 -0.94634720715224019
 -0.71115981626581515
 -0.71115981626581515
 -0.99855529755277062
 -0.99095908235142494
 -0.99095908235142494
 -0.99855529755277062
 -0.71060618733204939
 -0.94420948395885418
 -0.69515074991462789
 0
 0
 -0.94420948395885418
 -0.71060618733204939
 -0.69515074991462789
 -0.44011281367245342
 0
 -0.98015694548228494
 0
 -0.99976894661691762
 -0.99976894661691762
 -0.99996255550691637
 -0.99998808615939494
 -0.99953117808329417
 -0.9911656685059278
 -0.99116566850592769
 -0.94634720715224019
 -0.71115981626581515
 -0.71115981626581515
 -0.99855529755277062
 -0.99095908235142494
 -0.99095908235142494
 -0.99855529755277062
 -0.71060618733204939
 -0.94420948395885429
 -0.695150749914628
 0
 0
 -0.94420948395885418
 -0.71060618733204939
 -0.69515074991462789
 -0.44011281367245347
 0
 -0.98015694548228516
 0
 -0.99976894661691762
 -0.99976894661691762
 -0.99996255550691637
 -0.99998808615939494
 -0.99953117808329417
 -0.9911656685059278
 -0.99116566850592769
 -0.94634720715224019
 -0.71115981626581504
 -0.71115981626581515
 -0.99855529755277062
 -0.99095908235142494
 -0.99095908235142494
 -0.99855529755277062
 -0.7106061873320495
 -0.94420948395885429
 -0.695150749914628
 0
 0
 -0.94420948395885429
 -0.71060618733204939
 -0.69515074991462789
 0
 0
 -0.99976894661691762
 -0.99976894661691762
 -0.99996255550691637
 -0.99116914409135648
 -0.9781106795488913
 -0.9781106795488913
 -0.97809644368184379
 -0.94633985611404592
 -0.99645269099626665
 -0.99645269099626665
 -0.94633985611404592
 -0.97809644368184379
 -0.87188955453552019
 -0.87188955453552019
 -0.71117225871619993
 -0.41605090681357698
 -0.41605090681357698
 -0.87186042683961507
 -0.87186042683961507
 -0.99644468182453416
 -0.99113914446497242
 -0.99638538591326287
 -0.99838900682615062
 -0.99592893900748503
 -0.99857562662259647
 -0.97800710047580197
 -0.99113914446497242
 -0.99644468182453416
 -0.99638538591326298
 -0.99592893900748503
 -0.9983890068261505
 -0.97800710047580208
 -0.99857562662259658
 -0.8707359193014883
 -0.86546032693722241
 -0.70807431179311142
 -0.41504580266900154
 -0.41079863936031497
 -0.94598790698022295
 -0.87169057593543298
 -0.83770291897627158
 -0.93363893281249311
 -0.39122383139841932
 -0.63713717147551929
 -0.3192834672082151
 0
 -0.1395783336151851
 0
 -0.71345716576353191
 -0.71107548442507207
 -0.41587163031640406
 -0.41602420984577737
 0
 0
 -0.97373326271741556
 -0.97744233542994075
 -0.98967069432327159
 -0.99226751425711268
 -0.94940100564265728
 -0.87073591930148819
 -0.70807431179311131
 -0.86546032693722241
 -0.93363893281249299
 -0.83770291897627136
 -0.87169057593543287
 -0.94598790698022284
 -0.41079863936031491
 -0.41504580266900154
 -0.63713717147551918
 -0.39122383139841921
 -0.31928346720821504
 -0.13957833361518504
 0
 -0.7134571657635318
 0
 -0.97744233542994075
 -0.97373326271741556
 -0.98967069432327159
 -0.99226751425711268
 -0.94940100564265728
 -0.41587163031640406
 -0.71107548442507207
 -0.41602420984577732
 0
 0
 -0.99977132736906948
 -0.99990744202346293
 -0.99990744202346282
 -0.99989834201865069
 -0.99995933985831043
 -0.99942956875589173
 -0.99942956875589173
 -0.99995933985831043
 -0.99989834201865069
 -0.99998355774073799
 -0.9999835577407381
 -0.99999275560330403
 -0.99999474762693819
 -0.99999474762693819
 -0.99997047794441585
 -0.99997047794441585
 -0.99942239310640113
 -0.99974522504020014
 -0.99936020744391652
 -0.99881285741339043
 -0.99981407672986711
 -0.99974522504020014
 -0.99942239310640113
 -0.99936020744391652
 -0.99881285741339043
 -0.99981407672986711
 -0.99116914409135637
 -0.97811067954889119
 -0.9781106795488913
 -0.9780964436818439
 -0.94633985611404592
 -0.99645269099626665
 -0.99645269099626665
 -0.94633985611404592
 -0.9780964436818439
 -0.87188955453552019
 -0.87188955453552019
 -0.71117225871620005
 -0.41605090681357698
 -0.41605090681357704
 -0.87186042683961507
 -0.87186042683961507
 -0.99644468182453416
 -0.99113914446497242
 -0.99638538591326287
 -0.9983890068261505
 -0.99592893900748491
 -0.99857562662259647
 -0.97800710047580197
 -0.99113914446497253
 -0.99644468182453427
 -0.99638538591326298
 -0.99592893900748503
 -0.9983890068261505
 -0.97800710047580208
 -0.99857562662259658
 -0.8707359193014883
 -0.86546032693722241
 -0.70807431179311131
 -0.41504580266900154
 -0.41079863936031491
 -0.94598790698022295
 -0.87169057593543298
 -0.83770291897627136
 -0.93363893281249299
 -0.39122383139841921
 -0.63713717147551929
 -0.31928346720821504
 0
 0
 -0.71107548442507207
 -0.41587163031640406
 -0.41602420984577732
 0
 0
 -0.97373326271741556
 -0.97744233542994075
 -0.98967069432327159
 -0.87073591930148819
 -0.70807431179311131
 -0.86546032693722241
 -0.93363893281249299
 -0.83770291897627136
 -0.87169057593543287
 -0.94598790698022284
 -0.41079863936031485
 -0.41504580266900154
 -0.63713717147551929
 -0.39122383139841921
 -0.31928346720821504
 -0.13957833361518504
 0
 -0.7134571657635318
 0
 -0.97744233542994075
 -0.97373326271741556
 -0.98967069432327159
 -0.99226751425711268
 -0.94940100564265717
 -0.41587163031640406
 -0.71107548442507207
 -0.41602420984577732
 0
 0
 -0.99977132736906948
 -0.99990744202346293
 -0.99990744202346282
 -0.99989834201865069
 -0.99995933985831043
 -0.99942956875589173
 -0.99942956875589173
 -0.99995933985831043
 -0.99989834201865069
 -0.99998355774073799
 -0.9999835577407381
 -0.99999275560330403
 -0.99999474762693819
 -0.99997047794441585
 -0.99942239310640113
 -0.99974522504020014
 -0.99936020744391652
 -0.99974522504020014
 -0.99942239310640113
 -0.99936020744391652
 -0.99881285741339043
 -0.99981407672986711
 -0.99116914409135637
 -0.97811067954889119
 -0.9781106795488913
 -0.9780964436818439
 -0.94633985611404592
 -0.99645269099626665
 -0.99645269099626654
 -0.94633985611404592
 -0.9780964436818439
 -0.87188955453552019
 -0.87188955453552019
 -0.71117225871620005
 -0.41605090681357698
 -0.41605090681357698
 -0.87186042683961518
 -0.87186042683961507
 -0.99644468182453416
 -0.99113914446497242
 -0.99638538591326287
 -0.9983890068261505
 -0.99592893900748491
 -0.99857562662259647
 -0.97800710047580197
 -0.99113914446497242
 -0.99644468182453416
 -0.99638538591326298
 -0.99592893900748503
 -0.9983890068261505
 -0.97800710047580208
 -0.99857562662259658
 -0.8707359193014883
 -0.86546032693722241
 -0.70807431179311142
 -0.4150458026690016
 -0.41079863936031497
 -0.94598790698022295
 -0.87169057593543298
 -0.83770291897627147
 -0.93363893281249311
 -0.39122383139841926
 -0.63713717147551929
 -0.31928346720821504
 0
 0
 -0.71107548442507207
 -0.41587163031640406
 -0.41602420984577732
 0
 0
 -0.97373326271741556
 -0.97744233542994075
